16
Bbelcheri.XP_019629260.1                        0.0000000 0.2316268 1.3767190 1.6125194 4.7108342 4.0532569 4.2733731 3.8181696 3.9130161 3.9903264 3.1452025 3.6470086 4.6337810 3.2907353 3.0462762 3.3700093 
Bbelcheri.XP_019629692.1                        0.2316268 0.0000000 1.3778691 1.5661186 4.9301803 3.6743810 4.1390239 3.6349678 3.8800083 3.6503084 3.1876114 3.9374018 3.7312807 3.1009586 2.8281762 3.3043907 
Aplanci.XP_022082318.1                          1.3767190 1.3778691 0.0000000 0.9507377 4.1209141 3.1121415 3.1566467 2.6857260 3.0345816 2.8321789 3.1355198 3.0236081 4.1318309 2.9956121 1.9425598 2.5053409 
Aplanci.XP_022096137.1                          1.6125194 1.5661186 0.9507377 0.0000000 3.7039853 3.3246007 3.4522999 3.0130327 2.9777238 3.1351216 3.3120428 3.3307694 3.6225603 3.1720867 2.5799626 2.9547496 
Nvectensis.XP_032240110.1                       4.7108342 4.9301803 4.1209141 3.7039853 0.0000000 3.1866388 2.9144778 2.7333968 3.2613279 2.8890280 2.1979981 2.8365671 3.2348545 2.0286473 1.8460797 2.1398512 
Bbelcheri.XP_019615461.1                        4.0532569 3.6743810 3.1121415 3.3246007 3.1866388 0.0000000 1.4415717 1.9432981 1.8668391 2.1102897 1.1996332 1.8533201 4.2208402 2.2480128 1.7184795 2.5028873 
Aplanci.XP_022086689.1                          4.2733731 4.1390239 3.1566467 3.4522999 2.9144778 1.4415717 0.0000000 1.9478792 1.6968677 1.7740992 1.3128802 1.3740184 3.6615994 2.0551775 1.5008642 2.3678866 
Hsapiens.NP_001341690.1_alpha-adducin_isoform_g 3.8181696 3.6349678 2.6857260 3.0130327 2.7333968 1.9432981 1.9478792 0.0000000 0.9685657 1.2483586 1.1648265 1.9632851 3.9366357 2.1648443 1.7913558 2.7582774 
Hsapiens.NP_058432.1_gamma-adducin_isoform_a    3.9130161 3.8800083 3.0345816 2.9777238 3.2613279 1.8668391 1.6968677 0.9685657 0.0000000 0.7951197 1.4972155 1.8229935 4.2546340 2.6375124 2.3219193 2.9644999 
Hsapiens.NP_001608.1_beta-adducin_isoform_a     3.9903264 3.6503084 2.8321789 3.1351216 2.8890280 2.1102897 1.7740992 1.2483586 0.7951197 0.0000000 1.7522906 2.0670921 3.8920374 2.5092387 2.0860832 2.7974995 
Bbelcheri.XP_019635717.1                        3.1452025 3.1876114 3.1355198 3.3120428 2.1979981 1.1996332 1.3128802 1.1648265 1.4972155 1.7522906 0.0000000 1.1560635 2.3356965 1.2962442 1.3249503 1.3883071 
Myessoensis.XP_021374340.1                      3.6470086 3.9374018 3.0236081 3.3307694 2.8365671 1.8533201 1.3740184 1.9632851 1.8229935 2.0670921 1.1560635 0.0000000 4.2328845 2.1508915 1.4344836 2.5252788 
Hvulgaris.XP_012566771.1                        4.6337810 3.7312807 4.1318309 3.6225603 3.2348545 4.2208402 3.6615994 3.9366357 4.2546340 3.8920374 2.3356965 4.2328845 0.0000000 3.1843355 2.5351747 2.9921677 
Nvectensis.XP_001634797.2                       3.2907353 3.1009586 2.9956121 3.1720867 2.0286473 2.2480128 2.0551775 2.1648443 2.6375124 2.5092387 1.2962442 2.1508915 3.1843355 0.0000000 0.9517916 1.5355658 
Hvulgaris.XP_002166139.2                        3.0462762 2.8281762 1.9425598 2.5799626 1.8460797 1.7184795 1.5008642 1.7913558 2.3219193 2.0860832 1.3249503 1.4344836 2.5351747 0.9517916 0.0000000 1.0461815 
Dgigantea.XP_028391049.1                        3.3700093 3.3043907 2.5053409 2.9547496 2.1398512 2.5028873 2.3678866 2.7582774 2.9644999 2.7974995 1.3883071 2.5252788 2.9921677 1.5355658 1.0461815 0.0000000 
